Tue 24 Jul 2018 19:46:29 BST
rom: ../../ROMs/super_mario_land_1.1.gb
run_0: 9.969698482s
run_1: 9.704394882s
run_2: 9.557102355s
average: 9.743731905s

